17 0.9622395833333334 0.81884765625 0.07291666666666667 0.0830078125
17 0.9153645833333334 0.6591796875 0.16666666666666666 0.14453125
32 0.9505208333333334 0.51513671875 0.09635416666666667 0.1259765625
17 0.09765625 0.763671875 0.11458333333333333 0.09765625
25 0.4641927083333333 0.58056640625 0.3736979166666667 0.3525390625
13 0.861328125 0.216796875 0.2747395833333333 0.06640625
41 0.7623697916666666 0.13037109375 0.19140625 0.1591796875
3 0.7649739583333334 0.115234375 0.08203125 0.03125
38 0.8098958333333334 0.08203125 0.0859375 0.080078125
17 0.880859375 0.95458984375 0.14973958333333334 0.0888671875
28 0.96875 0.388671875 0.059895833333333336 0.142578125
