3 0.36376953125 0.67310443490701 0.4130859375 0.5164520743919886
3 0.802734375 0.6409155937052933 0.392578125 0.6924177396280401
27 0.9169921875 0.746065808297568 0.1640625 0.09298998569384835
0 0.7841796875 0.6330472103004292 0.4296875 0.7310443490701002
20 0.7900390625 0.2925608011444921 0.41796875 0.3133047210300429
8 0.89111328125 0.07939914163090128 0.2158203125 0.15879828326180256
3 0.22607421875 0.02503576537911302 0.0595703125 0.04721030042918455
0 0.22900390625 0.14663805436337626 0.3798828125 0.290414878397711
36 0.08544921875 0.2861230329041488 0.1689453125 0.21745350500715308
0 0.33349609375 0.6244635193133047 0.5517578125 0.6824034334763949
