15 0.75341796875 0.578125 0.2763671875 0.7638888888888888
21 0.53759765625 0.8263888888888888 0.1259765625 0.1111111111111111
20 0.59765625 0.5815972222222222 0.0390625 0.1909722222222222
3 0.34765625 0.5121527777777778 0.05859375 0.06597222222222222
20 0.3203125 0.5043402777777778 0.13671875 0.3802083333333333
15 0.4736328125 0.5512152777777778 0.212890625 0.5295138888888888
15 0.22509765625 0.5642361111111112 0.1455078125 0.5208333333333334
20 0.0712890625 0.4678819444444444 0.142578125 0.3038194444444444
23 0.1435546875 0.6814236111111112 0.080078125 0.078125
42 0.14990234375 0.6901041666666666 0.0849609375 0.171875
15 0.07275390625 0.7057291666666666 0.1435546875 0.5850694444444444
15 0.09765625 0.2899305555555556 0.0859375 0.2465277777777778
