18 0.4368489583333333 0.5390625 0.4752604166666667 0.623046875
9 0.537109375 0.17333984375 0.6315104166666666 0.2236328125
28 0.9186197916666666 0.8662109375 0.16015625 0.16015625
20 0.8567708333333334 0.912109375 0.11458333333333333 0.080078125
15 0.9127604166666666 0.75146484375 0.09375 0.0654296875
15 0.09049479166666667 0.78076171875 0.11328125 0.0751953125
20 0.2643229166666667 0.75244140625 0.09375 0.0869140625
7 0.16471354166666666 0.67041015625 0.045572916666666664 0.0986328125
21 0.5013020833333334 0.9697265625 0.09114583333333333 0.05859375
5 0.5188802083333334 0.95556640625 0.16276041666666666 0.0869140625
