3 0.482421875 0.55224609375 0.48046875 0.2919921875
13 0.8561197916666666 0.765625 0.28515625 0.130859375
7 0.8658854166666666 0.8203125 0.265625 0.072265625
27 0.7734375 0.44921875 0.4505208333333333 0.2265625
0 0.4993489583333333 0.41259765625 0.9986979166666666 0.6845703125
32 0.16536458333333334 0.11865234375 0.07552083333333333 0.0458984375
32 0.11653645833333333 0.13916015625 0.05859375 0.0458984375
45 0.3645833333333333 0.05029296875 0.2109375 0.1005859375
1 0.07356770833333333 0.02099609375 0.14713541666666666 0.0400390625
20 0.18294270833333334 0.0263671875 0.15234375 0.052734375
