3 0.31625 0.5983333333333334 0.5275 0.47
3 0.75875 0.46166666666666667 0.3075 0.2633333333333333
42 0.78 0.4533333333333333 0.385 0.4266666666666667
42 0.30875 0.665 0.6175 0.6633333333333333
13 0.11125 0.24666666666666667 0.2225 0.12666666666666668
2 0.26875 0.12333333333333334 0.1675 0.24
6 0.8075 0.4166666666666667 0.375 0.14666666666666667
1 0.03875 0.39 0.0775 0.32666666666666666
29 0.1325 0.12666666666666668 0.265 0.25333333333333335
25 0.3925 0.12666666666666668 0.115 0.25333333333333335
28 0.725 0.17833333333333334 0.545 0.3566666666666667
