3 0.3720703125 0.8391123439667129 0.298828125 0.31900138696255204
3 0.29296875 0.38765603328710124 0.095703125 0.09015256588072122
32 0.61279296875 0.2961165048543689 0.1181640625 0.09292649098474341
42 0.849609375 0.8273231622746186 0.298828125 0.3342579750346741
25 0.73828125 0.8599167822468793 0.201171875 0.27739251040221913
27 0.5732421875 0.9396671289875174 0.130859375 0.11789181692094314
42 0.32861328125 0.8411927877947295 0.3935546875 0.31484049930651875
39 0.6455078125 0.7836338418862691 0.1015625 0.17753120665742025
15 0.54248046875 0.6907073509015257 0.1337890625 0.2801664355062413
39 0.62109375 0.628987517337032 0.107421875 0.1539528432732316
25 0.94775390625 0.5457697642163661 0.1025390625 0.20665742024965325
39 0.41357421875 0.536754507628294 0.2978515625 0.2829403606102635
38 0.3046875 0.5020804438280166 0.185546875 0.09431345353675451
21 0.26513671875 0.6421636615811374 0.0966796875 0.09986130374479889
21 0.38916015625 0.6553398058252428 0.0810546875 0.059639389736477116
39 0.88720703125 0.46116504854368934 0.1123046875 0.11234396671289876
25 0.84521484375 0.37031900138696255 0.0849609375 0.14147018030513175
25 0.7998046875 0.30235783633841884 0.068359375 0.11373092926490985
21 0.76708984375 0.37586685159500693 0.0537109375 0.06657420249653259
41 0.66748046875 0.5041608876560333 0.4130859375 0.2815533980582524
39 0.55029296875 0.3460471567267684 0.0810546875 0.05131761442441054
25 0.40966796875 0.35714285714285715 0.0966796875 0.09292649098474341
25 0.17236328125 0.43411927877947293 0.1220703125 0.21359223300970873
39 0.28759765625 0.2884882108183079 0.2001953125 0.14424410540915394
39 0.62109375 0.24687933425797504 0.06640625 0.047156726768377254
25 0.5634765625 0.19209431345353675 0.05078125 0.09015256588072122
25 0.22119140625 0.17198335644937587 0.0615234375 0.09431345353675451
25 0.15869140625 0.15187239944521497 0.0634765625 0.06796116504854369
25 0.498046875 0.2926490984743412 0.05078125 0.11373092926490985
37 0.97412109375 0.38765603328710124 0.0498046875 0.20388349514563106
37 0.7216796875 0.2565880721220527 0.078125 0.2801664355062413
37 0.66015625 0.13522884882108183 0.05859375 0.27045769764216365
37 0.44189453125 0.20249653259361997 0.1005859375 0.40499306518723993
37 0.50732421875 0.11789181692094314 0.0458984375 0.18307905686546463
37 0.330078125 0.12066574202496533 0.08984375 0.24133148404993066
46 0.33056640625 0.16920943134535368 0.0517578125 0.130374479889043
46 0.17724609375 0.03398058252427184 0.0302734375 0.04299583911234397
39 0.244140625 0.108876560332871 0.083984375 0.09292649098474341
