0 0.4993489583333333 0.623046875 0.9986979166666666 0.505859375
3 0.5143229166666666 0.271484375 0.1328125 0.046875
6 0.50390625 0.27392578125 0.028645833333333332 0.0361328125
41 0.51171875 0.29248046875 0.19270833333333334 0.1630859375
13 0.64453125 0.37646484375 0.3697916666666667 0.0693359375
28 0.5494791666666666 0.1025390625 0.140625 0.111328125
32 0.767578125 0.71923828125 0.09505208333333333 0.0634765625
32 0.034505208333333336 0.96337890625 0.06901041666666667 0.0712890625
17 0.8893229166666666 0.9091796875 0.21354166666666666 0.12109375
17 0.7975260416666666 0.96240234375 0.18880208333333334 0.0732421875
17 0.044921875 0.84521484375 0.08723958333333333 0.1552734375
