25 0.4928385416666667 0.49853515625 0.4205729166666667 0.2509765625
17 0.9108072916666666 0.6435546875 0.17317708333333334 0.14453125
17 0.9680989583333334 0.80126953125 0.061197916666666664 0.0751953125
17 0.8873697916666666 0.94873046875 0.14973958333333334 0.1005859375
17 0.10091145833333333 0.7734375 0.11588541666666667 0.125
32 0.9505208333333334 0.50146484375 0.09635416666666667 0.1220703125
41 0.7565104166666666 0.11181640625 0.19270833333333334 0.1572265625
13 0.859375 0.20068359375 0.2786458333333333 0.0673828125
28 0.9680989583333334 0.3701171875 0.061197916666666664 0.14453125
3 0.7591145833333334 0.09619140625 0.08333333333333333 0.0283203125
