3 0.9358151476251605 0.8313696612665685 0.1258023106546855 0.14580265095729014
3 0.26700898587933247 0.7422680412371134 0.20025673940949937 0.10898379970544919
3 0.727214377406932 0.4896907216494845 0.38382541720154045 0.21354933726067746
3 0.9293966623876765 0.33652430044182624 0.1386392811296534 0.09572901325478646
3 0.8690629011553274 0.29013254786450665 0.1822849807445443 0.07952871870397643
3 0.5917843388960206 0.28350515463917525 0.2926829268292683 0.0662739322533137
3 0.362002567394095 0.38144329896907214 0.37997432605905007 0.15022091310751104
42 0.9223363286264442 0.8284241531664213 0.1527599486521181 0.2341678939617084
42 0.6373555840821566 0.882179675994109 0.337612323491656 0.23269513991163476
42 0.26187419768934533 0.7393225331369662 0.31322207958921694 0.20913107511045656
39 0.7618741976893453 0.5029455081001473 0.47368421052631576 0.2547864506627393
39 0.3735558408215661 0.41310751104565535 0.42105263157894735 0.24300441826215022
42 0.9229781771501926 0.34536082474226804 0.1514762516046213 0.08689248895434462
42 0.5885750962772786 0.27245949926362295 0.37869062901155326 0.10603829160530191
42 0.9287548138639281 0.24005891016200295 0.07060333761232349 0.041237113402061855
42 0.7978177150192555 0.23048600883652431 0.06546854942233633 0.042709867452135494
27 0.9082156611039794 0.20103092783505155 0.15789473684210525 0.13402061855670103
25 0.7317073170731707 0.17893961708394698 0.051347881899871634 0.1134020618556701
3 0.6553273427471117 0.09867452135493372 0.04749679075738126 0.055964653902798235
3 0.5487804878048781 0.18630338733431517 0.20667522464698332 0.07511045655375552
42 0.5821566110397947 0.19955817378497792 0.2092426187419769 0.05743740795287187
7 0.36906290115532736 0.22901325478645065 0.20154043645699615 0.1251840942562592
39 0.42105263157894735 0.09572901325478646 0.06161745827984596 0.1561119293078056
46 0.10333761232349166 0.3961708394698085 0.20667522464698332 0.5360824742268041
