45 0.45751953125 0.4635416666666667 0.8564453125 0.4973958333333333
27 0.6796875 0.28515625 0.126953125 0.15885416666666666
42 0.5224609375 0.16276041666666666 0.1953125 0.2421875
42 0.529296875 0.05078125 0.224609375 0.1015625
39 0.3076171875 0.18684895833333334 0.201171875 0.20182291666666666
3 0.5869140625 0.875 0.3671875 0.24739583333333334
39 0.57568359375 0.865234375 0.4404296875 0.2669270833333333
3 0.22265625 0.677734375 0.146484375 0.3346354166666667
42 0.216796875 0.6940104166666666 0.189453125 0.4270833333333333
42 0.1025390625 0.6380208333333334 0.091796875 0.2890625
42 0.1689453125 0.9654947916666666 0.091796875 0.06640625
42 0.0703125 0.962890625 0.123046875 0.07161458333333333
21 0.1845703125 0.09765625 0.16796875 0.1953125
