25 0.568359375 0.64892578125 0.34765625 0.3251953125
17 0.8802083333333334 0.94189453125 0.15885416666666666 0.1142578125
17 0.9674479166666666 0.78955078125 0.0625 0.0732421875
17 0.9127604166666666 0.6279296875 0.171875 0.146484375
17 0.2669270833333333 0.56201171875 0.15364583333333334 0.1259765625
17 0.10286458333333333 0.732421875 0.1171875 0.083984375
32 0.95703125 0.48876953125 0.08333333333333333 0.1279296875
41 0.76953125 0.09423828125 0.20052083333333334 0.1630859375
13 0.86328125 0.18310546875 0.2708333333333333 0.0712890625
28 0.974609375 0.3642578125 0.048177083333333336 0.138671875
3 0.7727864583333334 0.078125 0.08203125 0.02734375
