27 0.6123046875 0.6588541666666666 0.541015625 0.4166666666666667
27 0.5986328125 0.4544270833333333 0.462890625 0.052083333333333336
0 0.568359375 0.5865885416666666 0.353515625 0.41796875
42 0.578125 0.19986979166666666 0.3046875 0.34765625
27 0.19384765625 0.17122395833333334 0.3232421875 0.26171875
39 0.2265625 0.20572916666666666 0.392578125 0.3854166666666667
3 0.16455078125 0.55859375 0.3291015625 0.3854166666666667
42 0.1796875 0.6100260416666666 0.359375 0.4440104166666667
42 0.3603515625 0.966796875 0.208984375 0.06380208333333333
21 0.353515625 0.7643229166666666 0.2109375 0.3072916666666667
21 0.20947265625 0.9055989583333334 0.2294921875 0.18619791666666666
